,date,rewards
0,20181114,0.0
